7.229927182559784171e+01
6.560367849029169918e+01
3.491044128104747557e+01
5.102918252220489137e+01
3.357428471652276158e+01
2.136690348712779297e+01
7.369361254200902067e+01
4.719270088723640555e+01
4.142682228189417515e+01
8.138931779606311423e+00
2.100185680899606666e+01
4.548894324911584164e+01
1.615340703654056398e+01
2.062101714400385788e+01
1.924446820786303292e+01
2.645403207977695104e+01
1.492558865351436204e+01
4.551486786201304113e+01
3.370205259713613088e+01
2.196713884781145509e+01
2.535239038861237049e+01
3.584196688320046320e+01
3.352666503607721893e+01
5.540731186347662884e+01
4.400395901097850526e+01
2.782964991540468702e+01
2.534583156175634500e+01
2.355412573236587193e+01
7.903153951629620622e+01
2.809897558341383217e+01
1.276711332221600337e+01
3.879325476396370220e+01
1.219088628968206756e+01
3.098591302761685995e+01
5.755232357335223980e+01
6.518013699191064347e+01
8.086146384304400669e+01
2.752976247729973025e+01
3.865132386332981440e+01
4.689007567163150725e+01
6.919061278816204208e+01
4.322090645855755042e+01
3.737842701518159316e+01
6.578976765255582393e+01
7.481936689071424951e+01
4.381739634453933263e+01
5.598000274850759439e+01
4.634427589739265585e+01
2.868292448850069576e+01
2.576874364367644787e+01
4.789852287928876251e+01
3.337028237828771182e+01
2.920925605013569992e+01
6.734260444377994759e+01
2.212320709573155852e+01
2.738238310589430213e+01
2.612326338162022665e+01
2.325779180384108358e+01
6.951034022355140962e+01
6.661531307240873900e+01
4.072463748555485097e+01
6.410492055195879857e+01
4.948229266477270727e+01
6.224114286086469150e+01
1.801180019969540425e+01
3.694717004416729367e+01
1.801723991470874964e+01
2.722998137939677932e+01
3.695894221320040884e+01
3.078730142937981284e+01
5.464076296889795259e+01
3.365318014688035220e+01
5.126055159694105612e+01
3.602598479016217681e+01
2.797053329884290207e+01
2.937573622823346753e+01
2.421117647334240885e+01
6.239235206689340885e+01
7.201145740238636961e+01
3.281671374064104896e+01
5.083995038980752668e+01
7.489146872297463631e+01
2.325406694496609106e+01
1.722254322010882532e+01
1.009279716554251962e+02
5.011585729338834483e+01
2.487229945274485488e+01
5.348426954229034891e+01
3.193992414788002421e+01
1.850681419680014628e+01
