3.485927236141073848e+01
4.195893342705709728e+01
2.944822973515419307e+01
4.895198436049636115e+01
5.375232517279165734e+01
8.081188949263768961e+01
3.699288389875270866e+01
4.353115291681124432e+01
6.770416253633024439e+01
5.180635905809675990e+01
3.709568232814396538e+01
1.179532424595396947e+02
2.061846980543569074e+01
6.959205614061633582e+01
5.273510048636237002e+01
5.072383549740636965e+01
6.390785493073963863e+01
6.526099064783306858e+01
5.093684457114191844e+01
3.246726435676310274e+01
7.082312717935634794e+01
5.598682150934715196e+01
3.765333430343058296e+01
5.726142846117382845e+01
1.092904535210541894e+02
7.960767492977532811e+01
5.389049345995468343e+01
3.532793041510896614e+01
3.420585393991140677e+01
8.086618323340927361e+01
2.928748646537706080e+01
5.765863439525196554e+01
9.028162993179364548e+01
4.416501338440728830e+01
4.613610631258032413e+01
3.374483389022350366e+01
2.082414602895327249e+01
2.887090645998789640e+01
5.362284471476041148e+01
2.004283267652205680e+01
7.077613849900943421e+01
3.995801718907721067e+01
3.981716568660702649e+01
1.496158702903706939e+01
3.195351551340273133e+01
5.719006552622303019e+01
2.687496973259630195e+01
3.120116670974802986e+01
6.172815566856246505e+01
3.993182056319507467e+01
3.174224809594112173e+01
6.628668168306093378e+01
4.744353355768797087e+01
2.170430268329086232e+01
6.898193584832719694e+01
2.561754992045586476e+01
6.814079517888347937e+01
3.411097133232337342e+01
3.923440127578420800e+01
2.683082441295288945e+01
6.068452350401352646e+01
2.978395327948376448e+01
2.075713780262569941e+01
3.202558379867269878e+01
6.741175621554428687e+01
7.018837685116847069e+01
6.074241554130652787e+01
7.042773175421962151e+01
5.380894694382690346e+01
3.769537083944594968e+01
3.786027669148879227e+01
3.827808375052275380e+01
6.455707295276758373e+01
2.979899354297125313e+01
4.152733818001316024e+01
4.429981216785408549e+01
4.663587411214798806e+01
9.856219895278245247e+01
3.008222421031751992e+01
4.326496270091313079e+01
5.794482328620751588e+01
5.971989470283866552e+01
3.333166803980253690e+01
5.619643025221374444e+01
5.213412978966916000e+01
1.456092870408210516e+01
8.529488984481051261e+01
3.324628286360798768e+01
5.126501972772209825e+01
6.685700933479554919e+01
4.300848452699373325e+01
5.933330157218919254e+01
4.293490581978905141e+01
5.339662941072383262e+01
3.115636360745636679e+01
7.235847520920981424e+01
2.223036289608785765e+01
1.735045355932878408e+01
1.798416387462631150e+01
7.892550476226497835e+01
5.368908615868263468e+01
7.519757294734729669e+01
5.279680450884014675e+01
2.252009788113546662e+01
1.376847705999138505e+01
7.011148444264081547e+01
3.187491221328868463e+01
3.035463527236998971e+01
5.051023776529861919e+01
6.809092615436406959e+01
3.628664297640705882e+01
8.169705521966945128e+01
2.627422095627942866e+01
4.263181942089638454e+01
1.833191643208104438e+01
3.783986381434939972e+01
5.631338654981519909e+01
5.513410902283957427e+01
1.949688005921092682e+01
4.908191134296173885e+01
4.082180344039694120e+01
6.083774401974982737e+01
5.485483583138605468e+01
6.399002812076248858e+01
3.504329348348368001e+01
4.289041436720593481e+01
1.478745820705347747e+01
3.135411966735887646e+01
3.145839541270541062e+01
1.625235832908551359e+01
2.266474782389907006e+01
4.795587160250379810e+01
4.362355116661100851e+01
4.382503399372840391e+01
3.296109119476565752e+01
5.339707353194259554e+01
1.574313045436564451e+01
3.099347430000941017e+01
5.646808604608774829e+01
7.016565046949497741e+01
2.622075372067138588e+01
1.010235645672615057e+01
3.065632164839567508e+01
1.015870575162995237e+01
4.935185431115813515e+01
5.201975268673418640e+01
1.904759537215326048e+01
4.097312836492428545e+01
3.012884195772303642e+01
6.639846245206827291e+01
4.750986865588768637e+01
2.328186899887001005e+01
7.174096377025793458e+01
1.335734085001849714e+01
5.630470074054451857e+01
2.404794541845387101e+01
5.183486039542175661e+01
5.962804050132186973e+01
5.102810012842213183e+01
3.256486159648689949e+01
3.071737887204950468e+01
1.257961569029345839e+01
3.950597521605634910e+01
4.432625530045201145e+01
5.861185685585918037e+01
4.617358470810351889e+01
1.283660612406064594e+01
3.185218711304807115e+01
2.999262810770561671e+01
3.566250548123954189e+01
2.594186504957788841e+01
2.722004590832293403e+01
1.269539763365072460e+01
6.185068872399990170e+01
4.299722444829377821e+01
5.634401107952044896e+01
4.327288134854912727e+01
6.863060238579366512e+01
3.027573343650839277e+01
2.366378885177784852e+01
8.028624047320028012e+01
1.892122221270668092e+01
3.837278517912013598e+01
4.182135116870304614e+01
2.344562481128029319e+01
3.902935665554846167e+01
2.676494441002020253e+01
5.495413832887874150e+01
5.550658074355165184e+01
2.168034127441497105e+01
