-1.384860639620192790e+00
1.170082558929934180e+00
-6.875420398223246465e-01
1.260927139554622878e+00
8.158033527055413847e-01
1.497990958419910479e+00
-6.417369136362864879e-01
-8.992035878722808295e-01
4.233420232870945377e+00
4.388347749776821516e+00
6.698552777188299112e-01
4.394153175939011780e-01
-3.969117259657123920e-01
-4.899205002241544538e-01
-1.138241781696620825e+00
2.293196010660921748e-03
-8.953770683885083070e-02
-5.814246077413095515e-01
3.997187061163852417e-02
5.839645584773088816e-01
1.003254896164477605e+00
-8.494934475972896193e-01
-2.234661047583359761e-01
-5.777790800527143888e-01
-5.847326215046461106e-01
-1.333419168183505477e+00
1.113945569002674531e-02
-3.100574466668459817e-01
-7.159672969872943327e-02
4.934390138175177984e-04
-1.747565601558398907e+00
-5.151945808694965989e-02
1.083564629524757100e-01
-1.140207411850348462e+00
-8.247673978159641983e-01
7.202443346785751821e-01
